Spectrometer
Copyright © Kvant 2011. All rights reserved.

Date: Wednesday, March 20, 2024 11:45:23 AM
Source image name: .bmp
Source image [pixels]: 1280 x 1024
Source image processed height [pixels]: 20
Source image processed [position pixel range]: 512 - 532

Spectrum range [nm]: 360.5 - 936.4

Chart Points:

Wave Length [nm]	Intensity [a.u.]

===START===
360.5	0.0
360.9	0.0
361.4	0.0
361.9	0.0
362.4	0.0
362.8	0.0
363.3	0.0
363.8	0.0
364.3	0.0
364.7	0.0
365.2	0.0
365.7	0.0
366.2	0.0
366.6	0.0
367.1	0.0
367.6	0.0
368.0	0.0
368.5	0.0
369.0	0.0
369.5	0.0
369.9	0.0
370.4	0.0
370.9	0.0
371.4	0.0
371.8	0.0
372.3	0.0
372.8	0.0
373.3	0.0
373.7	0.0
374.2	0.0
374.7	0.0
375.1	0.0
375.6	0.0
376.1	0.0
376.6	0.0
377.0	0.0
377.5	0.0
378.0	0.0
378.5	0.0
378.9	0.0
379.4	0.0
379.9	0.0
380.4	0.0
380.8	0.0
381.3	0.0
381.8	0.0
382.2	0.0
382.7	0.0
383.2	0.0
383.7	0.0
384.1	0.0
384.6	0.0
385.1	0.0
385.6	0.0
386.0	0.0
386.5	0.0
387.0	0.0
387.4	0.0
387.9	0.0
388.4	0.0
388.9	0.0
389.3	0.0
389.8	0.0
390.3	0.0
390.7	0.0
391.2	0.0
391.7	0.0
392.2	0.0
392.6	0.0
393.1	0.0
393.6	0.0
394.1	0.0
394.5	0.0
395.0	0.0
395.5	0.0
395.9	0.0
396.4	0.0
396.9	0.0
397.4	0.0
397.8	0.0
398.3	0.0
398.8	0.0
399.2	0.0
399.7	0.0
400.2	0.0
400.7	0.0
401.1	0.0
401.6	0.0
402.1	0.0
402.5	0.0
403.0	0.0
403.5	0.0
404.0	0.0
404.4	0.0
404.9	0.0
405.4	0.0
405.9	0.0
406.3	0.0
406.8	0.0
407.3	0.0
407.7	0.0
408.2	0.0
408.7	0.0
409.2	0.0
409.6	0.0
410.1	0.0
410.6	0.0
411.0	0.0
411.5	0.0
412.0	0.0
412.4	0.0
412.9	0.0
413.4	0.0
413.9	0.0
414.3	0.0
414.8	0.0
415.3	0.0
415.7	0.0
416.2	0.0
416.7	0.0
417.2	0.0
417.6	0.0
418.1	0.0
418.6	0.0
419.0	0.0
419.5	0.0
420.0	0.0
420.5	0.0
420.9	0.0
421.4	0.0
421.9	0.0
422.3	0.0
422.8	0.0
423.3	0.0
423.7	0.0
424.2	0.0
424.7	0.0
425.2	0.0
425.6	0.0
426.1	0.0
426.6	0.0
427.0	0.0
427.5	0.0
428.0	0.0
428.5	0.0
428.9	0.0
429.4	0.0
429.9	0.0
430.3	0.0
430.8	0.0
431.3	0.0
431.7	0.0
432.2	0.0
432.7	0.0
433.2	0.0
433.6	0.0
434.1	0.0
434.6	0.0
435.0	0.0
435.5	0.0
436.0	0.0
436.4	0.0
436.9	0.0
437.4	0.0
437.9	0.0
438.3	0.0
438.8	0.0
439.3	0.0
439.7	0.0
440.2	0.0
440.7	0.0
441.1	0.0
441.6	0.0
442.1	0.0
442.5	0.0
443.0	0.0
443.5	0.0
444.0	0.0
444.4	0.0
444.9	0.0
445.4	0.0
445.8	0.0
446.3	0.0
446.8	0.0
447.2	0.0
447.7	0.0
448.2	0.0
448.7	0.0
449.1	0.0
449.6	0.0
450.1	0.0
450.5	0.0
451.0	0.0
451.5	0.0
451.9	0.0
452.4	0.0
452.9	0.0
453.3	0.0
453.8	0.0
454.3	0.0
454.7	0.0
455.2	0.0
455.7	0.0
456.2	1.7
456.6	1.7
457.1	13.3
457.6	12.9
458.0	21.6
458.5	22.0
459.0	30.9
459.4	31.1
459.9	34.0
460.4	34.9
460.8	42.3
461.3	44.6
461.8	69.2
462.2	69.5
462.7	75.7
463.2	76.0
463.7	78.2
464.1	78.6
464.6	84.8
465.1	84.8
465.5	85.0
466.0	85.0
466.5	85.6
466.9	85.5
467.4	81.7
467.9	81.6
468.3	81.6
468.8	81.5
469.3	74.3
469.7	74.1
470.2	57.9
470.7	58.4
471.1	55.9
471.6	55.3
472.1	37.3
472.5	36.7
473.0	28.9
473.5	27.8
473.9	13.7
474.4	12.1
474.9	5.7
475.4	4.7
475.8	0.0
476.3	0.0
476.8	0.0
477.2	0.0
477.7	0.0
478.2	0.0
478.6	0.0
479.1	0.0
479.6	0.0
480.0	0.0
480.5	0.0
481.0	0.0
481.4	0.0
481.9	0.0
482.4	0.0
482.8	0.0
483.3	0.0
483.8	0.0
484.2	0.0
484.7	0.0
485.2	0.0
485.6	0.0
486.1	0.0
486.6	0.0
487.0	0.0
487.5	0.0
488.0	0.0
488.4	0.0
488.9	0.0
489.4	0.0
489.8	0.0
490.3	0.0
490.8	0.0
491.2	0.0
491.7	0.0
492.2	0.0
492.6	0.0
493.1	0.0
493.6	0.0
494.0	0.0
494.5	0.0
495.0	0.0
495.4	0.0
495.9	0.0
496.4	0.0
496.8	0.0
497.3	0.0
497.8	0.0
498.2	0.0
498.7	0.0
499.2	0.0
499.6	0.0
500.1	0.0
500.6	0.0
501.0	0.0
501.5	0.0
502.0	0.0
502.4	0.0
502.9	0.0
503.4	0.0
503.8	0.0
504.3	0.0
504.8	0.0
505.2	0.0
505.7	0.0
506.2	0.0
506.6	0.0
507.1	0.0
507.6	0.0
508.0	0.0
508.5	0.0
509.0	0.0
509.4	0.0
509.9	0.0
510.4	0.0
510.8	0.0
511.3	0.0
511.8	0.0
512.2	0.0
512.7	0.0
513.1	0.0
513.6	0.0
514.1	0.0
514.5	0.0
515.0	0.0
515.5	0.0
515.9	0.0
516.4	0.0
516.9	0.0
517.3	0.0
517.8	0.0
518.3	0.0
518.7	0.0
519.2	0.0
519.7	0.0
520.1	0.0
520.6	0.0
521.1	0.0
521.5	0.0
522.0	0.0
522.5	0.0
522.9	0.0
523.4	0.0
523.9	0.0
524.3	0.0
524.8	0.0
525.2	0.0
525.7	0.0
526.2	0.0
526.6	0.0
527.1	0.0
527.6	0.0
528.0	0.0
528.5	0.0
529.0	0.0
529.4	0.0
529.9	0.0
530.4	0.0
530.8	0.0
531.3	0.0
531.8	0.0
532.2	0.0
532.7	0.0
533.1	0.0
533.6	0.0
534.1	0.0
534.5	0.0
535.0	0.0
535.5	0.0
535.9	0.0
536.4	0.0
536.9	0.0
537.3	0.0
537.8	0.0
538.3	0.0
538.7	0.0
539.2	0.0
539.6	0.0
540.1	0.0
540.6	0.0
541.0	0.0
541.5	0.0
542.0	0.0
542.4	0.0
542.9	0.0
543.4	0.0
543.8	0.0
544.3	0.0
544.8	0.0
545.2	0.0
545.7	0.0
546.1	0.0
546.6	0.0
547.1	0.0
547.5	0.0
548.0	0.0
548.5	0.0
548.9	0.0
549.4	0.0
549.9	0.0
550.3	0.0
550.8	0.0
551.2	0.0
551.7	0.0
552.2	0.0
552.6	0.0
553.1	0.0
553.6	0.0
554.0	0.0
554.5	0.0
555.0	0.0
555.4	0.0
555.9	0.0
556.3	0.0
556.8	0.0
557.3	0.0
557.7	0.0
558.2	0.0
558.7	0.0
559.1	0.0
559.6	0.0
560.0	0.0
560.5	0.0
561.0	0.0
561.4	0.0
561.9	0.0
562.4	0.0
562.8	0.0
563.3	0.0
563.7	0.0
564.2	0.0
564.7	0.0
565.1	0.0
565.6	0.0
566.1	0.0
566.5	0.0
567.0	0.0
567.4	0.0
567.9	0.0
568.4	0.0
568.8	0.0
569.3	0.0
569.8	0.0
570.2	0.0
570.7	0.0
571.1	0.0
571.6	0.0
572.1	0.0
572.5	0.0
573.0	0.0
573.5	0.0
573.9	0.0
574.4	0.0
574.8	0.0
575.3	0.0
575.8	0.0
576.2	0.0
576.7	0.0
577.2	0.0
577.6	0.0
578.1	0.0
578.5	0.0
579.0	0.0
579.5	0.0
579.9	0.0
580.4	0.0
580.9	0.0
581.3	0.0
581.8	0.0
582.2	0.0
582.7	0.0
583.2	0.0
583.6	0.0
584.1	0.0
584.5	0.0
585.0	0.0
585.5	0.0
585.9	0.0
586.4	0.0
586.9	0.0
587.3	0.0
587.8	0.0
588.2	0.0
588.7	0.0
589.2	0.0
589.6	0.0
590.1	0.0
590.5	0.0
591.0	0.0
591.5	0.0
591.9	0.0
592.4	0.0
592.9	0.0
593.3	0.0
593.8	0.0
594.2	0.0
594.7	0.0
595.2	0.0
595.6	0.0
596.1	0.0
596.5	0.0
597.0	0.0
597.5	0.0
597.9	0.0
598.4	0.0
598.8	0.0
599.3	0.0
599.8	0.0
600.2	0.0
600.7	0.0
601.2	0.0
601.6	0.0
602.1	0.0
602.5	0.0
603.0	0.0
603.5	0.0
603.9	0.0
604.4	0.0
604.8	0.0
605.3	0.0
605.8	0.0
606.2	0.0
606.7	0.0
607.1	0.0
607.6	0.0
608.1	0.0
608.5	0.0
609.0	0.0
609.4	0.0
609.9	0.0
610.4	0.0
610.8	0.0
611.3	0.0
611.7	0.0
612.2	0.0
612.7	0.0
613.1	0.0
613.6	0.0
614.0	0.0
614.5	0.0
615.0	0.0
615.4	0.0
615.9	0.0
616.3	0.0
616.8	0.0
617.3	0.0
617.7	0.0
618.2	0.0
618.6	0.0
619.1	0.0
619.6	0.0
620.0	0.0
620.5	0.0
620.9	0.0
621.4	0.0
621.9	0.0
622.3	0.0
622.8	0.0
623.2	0.0
623.7	0.0
624.2	0.0
624.6	0.0
625.1	0.0
625.5	0.0
626.0	0.0
626.5	0.0
626.9	0.0
627.4	0.0
627.8	0.0
628.3	0.0
628.7	0.0
629.2	0.0
629.7	0.0
630.1	0.0
630.6	0.0
631.0	0.0
631.5	0.0
632.0	0.0
632.4	0.0
632.9	0.0
633.3	0.0
633.8	0.0
634.3	0.0
634.7	0.0
635.2	0.0
635.6	0.0
636.1	0.0
636.6	0.0
637.0	0.0
637.5	0.0
637.9	0.0
638.4	0.0
638.8	0.0
639.3	0.0
639.8	0.0
640.2	0.0
640.7	0.0
641.1	0.0
641.6	0.0
642.1	0.0
642.5	0.0
643.0	0.0
643.4	0.0
643.9	0.0
644.3	0.0
644.8	0.0
645.3	0.0
645.7	0.0
646.2	0.0
646.6	0.0
647.1	0.0
647.6	0.0
648.0	0.0
648.5	0.0
648.9	0.0
649.4	0.0
649.8	0.0
650.3	0.0
650.8	0.0
651.2	0.0
651.7	0.0
652.1	0.0
652.6	0.0
653.0	0.0
653.5	0.0
654.0	0.0
654.4	0.0
654.9	0.0
655.3	0.0
655.8	0.0
656.3	0.0
656.7	0.0
657.2	0.0
657.6	0.0
658.1	0.0
658.5	0.0
659.0	0.0
659.5	0.0
659.9	0.0
660.4	0.0
660.8	0.0
661.3	0.0
661.7	0.0
662.2	0.0
662.7	0.0
663.1	0.0
663.6	0.0
664.0	0.0
664.5	0.0
664.9	0.0
665.4	0.0
665.9	0.0
666.3	0.0
666.8	0.0
667.2	0.0
667.7	0.0
668.1	0.0
668.6	0.0
669.1	0.0
669.5	0.0
670.0	0.0
670.4	0.0
670.9	0.0
671.3	0.0
671.8	0.0
672.3	0.0
672.7	0.0
673.2	0.0
673.6	0.0
674.1	0.0
674.5	0.0
675.0	0.0
675.5	0.0
675.9	0.0
676.4	0.0
676.8	0.0
677.3	0.0
677.7	0.0
678.2	0.0
678.6	0.0
679.1	0.0
679.6	0.0
680.0	0.0
680.5	0.0
680.9	0.0
681.4	0.0
681.8	0.0
682.3	0.0
682.8	0.0
683.2	0.0
683.7	0.0
684.1	0.0
684.6	0.0
685.0	0.0
685.5	0.0
685.9	0.0
686.4	0.0
686.9	0.0
687.3	0.0
687.8	0.0
688.2	0.0
688.7	0.0
689.1	0.0
689.6	0.0
690.0	0.0
690.5	0.0
691.0	0.0
691.4	0.0
691.9	0.0
692.3	0.0
692.8	0.0
693.2	0.0
693.7	0.0
694.1	0.0
694.6	0.0
695.1	0.0
695.5	0.0
696.0	0.0
696.4	0.0
696.9	0.0
697.3	0.0
697.8	0.0
698.2	0.0
698.7	0.0
699.2	0.0
699.6	0.0
700.1	0.0
700.5	0.0
701.0	0.0
701.4	0.0
701.9	0.0
702.3	0.0
702.8	0.0
703.3	0.0
703.7	0.0
704.2	0.0
704.6	0.0
705.1	0.0
705.5	0.0
706.0	0.0
706.4	0.0
706.9	0.0
707.3	0.0
707.8	0.0
708.3	0.0
708.7	0.0
709.2	0.0
709.6	0.0
710.1	0.0
710.5	0.0
711.0	0.0
711.4	0.0
711.9	0.0
712.3	0.0
712.8	0.0
713.3	0.0
713.7	0.0
714.2	0.0
714.6	0.0
715.1	0.0
715.5	0.0
716.0	0.0
716.4	0.0
716.9	0.0
717.3	0.0
717.8	0.0
718.3	0.0
718.7	0.0
719.2	0.0
719.6	0.0
720.1	0.0
720.5	0.0
721.0	0.0
721.4	0.0
721.9	0.0
722.3	0.0
722.8	0.0
723.2	0.0
723.7	0.0
724.2	0.0
724.6	0.0
725.1	0.0
725.5	0.0
726.0	0.0
726.4	0.0
726.9	0.0
727.3	0.0
727.8	0.0
728.2	0.0
728.7	0.0
729.1	0.0
729.6	0.0
730.1	0.0
730.5	0.0
731.0	0.0
731.4	0.0
731.9	0.0
732.3	0.0
732.8	0.0
733.2	0.0
733.7	0.0
734.1	0.0
734.6	0.0
735.0	0.0
735.5	0.0
735.9	0.0
736.4	0.0
736.9	0.0
737.3	0.0
737.8	0.0
738.2	0.0
738.7	0.0
739.1	0.0
739.6	0.0
740.0	0.0
740.5	0.0
740.9	0.0
741.4	0.0
741.8	0.0
742.3	0.0
742.7	0.0
743.2	0.0
743.6	0.0
744.1	0.0
744.6	0.0
745.0	0.0
745.5	0.0
745.9	0.0
746.4	0.0
746.8	0.0
747.3	0.0
747.7	0.0
748.2	0.0
748.6	0.0
749.1	0.0
749.5	0.0
750.0	0.0
750.4	0.0
750.9	0.0
751.3	0.0
751.8	0.0
752.2	0.0
752.7	0.0
753.1	0.0
753.6	0.0
754.1	0.0
754.5	0.0
755.0	0.0
755.4	0.0
755.9	0.0
756.3	0.0
756.8	0.0
757.2	0.0
757.7	0.0
758.1	0.0
758.6	0.0
759.0	0.0
759.5	0.0
759.9	0.0
760.4	0.0
760.8	0.0
761.3	0.0
761.7	0.0
762.2	0.0
762.6	0.0
763.1	0.0
763.5	0.0
764.0	0.0
764.4	0.0
764.9	0.0
765.3	0.0
765.8	0.0
766.2	0.0
766.7	0.0
767.2	0.0
767.6	0.0
768.1	0.0
768.5	0.0
769.0	0.0
769.4	0.0
769.9	0.0
770.3	0.0
770.8	0.0
771.2	0.0
771.7	0.0
772.1	0.0
772.6	0.0
773.0	0.0
773.5	0.0
773.9	0.0
774.4	0.0
774.8	0.0
775.3	0.0
775.7	0.0
776.2	0.0
776.6	0.0
777.1	0.0
777.5	0.0
778.0	0.0
778.4	0.0
778.9	0.0
779.3	0.0
779.8	0.0
780.2	0.0
780.7	0.0
781.1	0.0
781.6	0.0
782.0	0.0
782.5	0.0
782.9	0.0
783.4	0.0
783.8	0.0
784.3	0.0
784.7	0.0
785.2	0.0
785.6	0.0
786.1	0.0
786.5	0.0
787.0	0.0
787.4	0.0
787.9	0.0
788.3	0.0
788.8	0.0
789.2	0.0
789.7	0.0
790.1	0.0
790.6	0.0
791.0	0.0
791.5	0.0
791.9	0.0
792.4	0.0
792.8	0.0
793.3	0.0
793.7	0.0
794.2	0.0
794.6	0.0
795.1	0.0
795.5	0.0
796.0	0.0
796.4	0.0
796.9	0.0
797.3	0.0
797.8	0.0
798.2	0.0
798.7	0.0
799.1	0.0
799.6	0.0
800.0	0.0
800.5	0.0
800.9	0.0
801.4	0.0
801.8	0.0
802.3	0.0
802.7	0.0
803.2	0.0
803.6	0.0
804.1	0.0
804.5	0.0
805.0	0.0
805.4	0.0
805.9	0.0
806.3	0.0
806.8	0.0
807.2	0.0
807.7	0.0
808.1	0.0
808.6	0.0
809.0	0.0
809.5	0.0
809.9	0.0
810.4	0.0
810.8	0.0
811.3	0.0
811.7	0.0
812.2	0.0
812.6	0.0
813.1	0.0
813.5	0.0
814.0	0.0
814.4	0.0
814.9	0.0
815.3	0.0
815.7	0.0
816.2	0.0
816.6	0.0
817.1	0.0
817.5	0.0
818.0	0.0
818.4	0.0
818.9	0.0
819.3	0.0
819.8	0.0
820.2	0.0
820.7	0.0
821.1	0.0
821.6	0.0
822.0	0.0
822.5	0.0
822.9	0.0
823.4	0.0
823.8	0.0
824.3	0.0
824.7	0.0
825.2	0.0
825.6	0.0
826.1	0.0
826.5	0.0
827.0	0.0
827.4	0.0
827.9	0.0
828.3	0.0
828.7	0.0
829.2	0.0
829.6	0.0
830.1	0.0
830.5	0.0
831.0	0.0
831.4	0.0
831.9	0.0
832.3	0.0
832.8	0.0
833.2	0.0
833.7	0.0
834.1	0.0
834.6	0.0
835.0	0.0
835.5	0.0
835.9	0.0
836.4	0.0
836.8	0.0
837.3	0.0
837.7	0.0
838.1	0.0
838.6	0.0
839.0	0.0
839.5	0.0
839.9	0.0
840.4	0.0
840.8	0.0
841.3	0.0
841.7	0.0
842.2	0.0
842.6	0.0
843.1	0.0
843.5	0.0
844.0	0.0
844.4	0.0
844.9	0.0
845.3	0.0
845.7	0.0
846.2	0.0
846.6	0.0
847.1	0.0
847.5	0.0
848.0	0.0
848.4	0.0
848.9	0.0
849.3	0.0
849.8	0.0
850.2	0.0
850.7	0.0
851.1	0.0
851.6	0.0
852.0	0.0
852.4	0.0
852.9	0.0
853.3	0.0
853.8	0.0
854.2	0.0
854.7	0.0
855.1	0.0
855.6	0.0
856.0	0.0
856.5	0.0
856.9	0.0
857.4	0.0
857.8	0.0
858.2	0.0
858.7	0.0
859.1	0.0
859.6	0.0
860.0	0.0
860.5	0.0
860.9	0.0
861.4	0.0
861.8	0.0
862.3	0.0
862.7	0.0
863.2	0.0
863.6	0.0
864.0	0.0
864.5	0.0
864.9	0.0
865.4	0.0
865.8	0.0
866.3	0.0
866.7	0.0
867.2	0.0
867.6	0.0
868.1	0.0
868.5	0.0
868.9	0.0
869.4	0.0
869.8	0.0
870.3	0.0
870.7	0.0
871.2	0.0
871.6	0.0
872.1	0.0
872.5	0.0
873.0	0.0
873.4	0.0
873.8	0.0
874.3	0.0
874.7	0.0
875.2	0.0
875.6	0.0
876.1	0.0
876.5	0.0
877.0	0.0
877.4	0.0
877.9	0.0
878.3	0.0
878.7	0.0
879.2	0.0
879.6	0.0
880.1	0.0
880.5	0.0
881.0	0.0
881.4	0.0
881.9	0.0
882.3	0.0
882.7	0.0
883.2	0.0
883.6	0.0
884.1	0.0
884.5	0.0
885.0	0.0
885.4	0.0
885.9	0.0
886.3	0.0
886.8	0.0
887.2	0.0
887.6	0.0
888.1	0.0
888.5	0.0
889.0	0.0
889.4	0.0
889.9	0.0
890.3	0.0
890.7	0.0
891.2	0.0
891.6	0.0
892.1	0.0
892.5	0.0
893.0	0.0
893.4	0.0
893.9	0.0
894.3	0.0
894.7	0.0
895.2	0.0
895.6	0.0
896.1	0.0
896.5	0.0
897.0	0.0
897.4	0.0
897.9	0.0
898.3	0.0
898.7	0.0
899.2	0.0
899.6	0.0
900.1	0.0
900.5	0.0
901.0	0.0
901.4	0.0
901.8	0.0
902.3	0.0
902.7	0.0
903.2	0.0
903.6	0.0
904.1	0.0
904.5	0.0
905.0	0.0
905.4	0.0
905.8	0.0
906.3	0.0
906.7	0.0
907.2	0.0
907.6	0.0
908.1	0.0
908.5	0.0
908.9	0.0
909.4	0.0
909.8	0.0
910.3	0.0
910.7	0.0
911.2	0.0
911.6	0.0
912.0	0.0
912.5	0.0
912.9	0.0
913.4	0.0
913.8	0.0
914.3	0.0
914.7	0.0
915.1	0.0
915.6	0.0
916.0	0.0
916.5	0.0
916.9	0.0
917.4	0.0
917.8	0.0
918.2	0.0
918.7	0.0
919.1	0.0
919.6	0.0
920.0	0.0
920.5	0.0
920.9	0.0
921.3	0.0
921.8	0.0
922.2	0.0
922.7	0.0
923.1	0.0
923.6	0.0
924.0	0.0
924.4	0.0
924.9	0.0
925.3	0.0
925.8	0.0
926.2	0.0
926.7	0.0
927.1	0.0
927.5	0.0
928.0	0.0
928.4	0.0
928.9	0.0
929.3	0.0
929.7	0.0
930.2	0.0
930.6	0.0
931.1	0.0
931.5	0.0
932.0	0.0
932.4	0.0
932.8	0.0
933.3	0.0
933.7	0.0
934.2	0.0
934.6	0.0
935.0	0.0
935.5	0.0
935.9	0.0
936.4	0.0
===END===
